0	1.63496659812908	1.51908768236421	1.50000719190241	1.37476247996051	1.70229593451278	1.66545408270659	1.36387533751382	1.50032487599534	1.4299771244195	1.43368049712029	1.61496761687	1.58034867837162	1.54421176717213	1.74031565177515	1.42200249681107	1.8305854031537	1.72729509993167	1.36916126069493	1.45643494065708	1.48271712430432	1.21182093132569	1.31254138177805	1.5048417979441	1.75220418733357	1.67901472420258	1.74130166818545	1.57239754839702	1.56141158018828	1.66349587866561	4.84249103228976	5.27514617061933	5.08339180960096	5.12259574920985	5.12155275192273	4.88170786990827	4.9617155251217	4.97453795541822	5.08516373473899	5.26221374922043	5.17608749186077	5.21371018810765	5.42232260103664	5.63327708231233	5.13596817736533	5.03954754228095	4.9551839417209	5.05507639554247	5.02100635783173	5.08645071947818	5.26275811248961	5.05300992783912	5.11394171719925	5.38105502448873	4.67167403823967	5.18113431977129	5.11290913484541	5.21030550131799	5.24579736511869	5.33692412866688
1.63496659812908	0	1.08889398496017	1.40198746577683	1.42414375788469	1.51071300168673	1.56601281828364	1.30062762137812	1.65555046624065	1.35723798589246	1.41722812329073	1.28226056699528	1.66784043260638	1.66917570343038	1.38263919964432	1.24969199626974	1.84787332284789	1.83385699059127	1.52308624485811	1.26738305768625	1.12831172932178	1.45836998391023	1.06728713346582	1.86397747913489	1.37401916624362	1.19097266047823	1.47770630201011	1.60288934402134	1.29739343651039	1.24859610277902	4.91993222825458	5.37665482602698	5.20958902682149	5.25558719933782	5.33368067238067	5.00362243771163	5.05166841963238	5.08578303541474	5.18506601052945	5.37854134324436	5.38496786659315	5.33242021986068	5.64322268905058	5.66823299601103	5.24508600481747	5.09230116349804	5.03176416415785	5.22660576360663	5.16495267470776	5.18993435117399	5.40018071952939	5.12765599146663	5.3263029252659	5.50115990301559	4.82718617623254	5.27034102003518	5.10121835251412	5.43168439394626	5.26439448680469	5.45036727467726
1.51908768236421	1.08889398496017	0	1.33671459582643	1.27574057787999	1.40006270053951	1.34471286148818	1.32501717266215	1.37497539726341	1.2754781098212	1.54634215584465	1.33185446524956	1.47280686772483	1.38180478002598	1.10244078308809	1.15035186915062	1.2817405134074	1.32161945457125	1.36826792363203	1.33308636994277	0.980865377645702	1.18406556748221	1.06863857589098	1.43912019193231	1.09127818041413	1.41322103975191	1.49932501108293	1.271999770927	1.13067229678632	1.31649065630164	4.96801983651301	5.44574574515917	5.21614286720524	5.31398694151732	5.35751900973358	5.05426786733603	5.11912873603797	5.05139886049421	5.22714696620453	5.38810820363483	5.46012500372133	5.40793315822293	5.6055736867614	5.68921379908182	5.26770181911074	5.0580361569485	5.09042316755658	5.23382170812302	5.17069852574643	5.183242666973	5.43183574229976	5.17027754851425	5.39263439587326	5.53402755267597	4.82097670399359	5.34924163058715	5.18496045767728	5.38151974896594	5.37515520831216	5.40706575498382
1.50000719190241	1.40198746577683	1.33671459582643	0	1.50567932869841	1.35576267321388	1.405342073641	1.35339523755734	1.54521504601214	1.52258375984603	1.47449079512726	1.50602210726147	1.49293764445919	1.55992292178804	1.67480611857576	1.26814489363183	1.42252484288929	1.55331552119906	1.45102053625231	1.29150042939146	1.25401990142881	1.1743740498662	1.18307483189503	1.51912429481756	1.50612139026935	1.36234615991907	1.380743354982	1.22751533582368	1.55834143838335	1.49454749171842	4.61116921452876	5.06790708818574	4.93855771397703	5.00447196509264	4.92514214707864	4.70380467373604	4.74684619733178	4.81118440261661	4.9283823361864	5.03777193811827	5.07609019134614	5.10827396891413	5.31244445543305	5.36606741193862	5.00804853442245	4.79682961184403	4.75252480672635	4.96619102054043	4.85690778366652	4.84953338243165	5.08114969136699	4.80989240483475	5.07273821835829	5.20019910181833	4.56461229520883	4.98004474427069	4.85935530657636	5.01782224935528	5.00141564910468	5.12911789924952
1.37476247996051	1.42414375788469	1.27574057787999	1.50567932869841	0	1.42836101445605	1.60855029126745	1.27122837077923	1.44877672911077	1.58779391070643	1.08373421123274	1.44188483396969	1.6254750019667	1.90946342411395	1.39374598809986	1.1771211431463	1.59365956055647	1.3466254465395	1.47056065710004	1.46115051498402	1.33451813316804	0.973911085467646	1.31755099748546	1.54050937155204	1.03013690408233	1.56747133320261	1.66147929341416	1.39005349467865	1.28142201920692	1.49842325844566	4.80342965528143	5.2913805608803	5.17612741995697	5.18805685423059	5.18906961816206	4.94603083006764	4.97895315851588	4.90182958620124	5.14271341183119	5.28706238869651	5.30933002283743	5.18536391253217	5.47659929461896	5.58820998389638	5.05464529029456	5.01235129463987	4.90332713744509	5.11106378988062	5.09167942902879	5.06444612778813	5.30814311862208	5.02059693389704	5.16309836348741	5.35223513909718	4.68248261635915	5.22187279870509	5.08534480008471	5.23170573999566	5.27846715449058	5.35620954028082
1.70229593451278	1.51071300168673	1.40006270053951	1.35576267321388	1.42836101445605	0	1.39204056180469	1.45786180222051	1.49718534260672	1.40736122593239	1.36553443457293	1.10204536648485	1.1592659557005	1.75446041086209	1.38322007748356	1.2323051480754	1.72771674687082	1.57290546910586	1.39158292065134	1.47763568903327	1.28696105420296	1.41618910162493	1.31544098022131	1.80574049565456	1.14900498140538	1.53913261119907	1.41867523303083	1.25622836270134	1.72400986071027	1.3677573215872	4.77222351728178	5.29050645497139	5.05434889444933	5.11002559067726	5.1661512663316	4.97332785749557	4.91254254709281	4.8914562491292	5.02095977965234	5.23538428424565	5.27189160010826	5.09839115420834	5.49617924106663	5.49261404741575	5.04458506966266	4.95725015354293	4.89578308105573	5.08667945749165	5.05069097076209	5.01313310271247	5.25617744162218	4.98138206576766	5.18307452287726	5.36143387606585	4.65040840981606	5.22344331420552	4.99608856977749	5.13628660991878	5.13090158716971	5.19439759191163
1.66545408270659	1.56601281828364	1.34471286148818	1.405342073641	1.60855029126745	1.39204056180469	0	1.67540092192245	1.47977828745456	1.44514916734942	1.56186698898196	1.0738898045549	1.4239108783524	1.46606534331472	1.5921417894532	1.31273645772713	1.80964729700003	1.67560712745462	1.41174886112799	1.49992869996045	1.41889270291558	1.37429886942216	1.33350149724927	1.47570293020612	1.53716733918846	1.66021233239378	1.79927983640297	1.29755346864437	1.5316290128371	1.6083758690696	4.62184738761831	4.99550108375726	4.86049934897804	4.95365087450376	4.91823559928185	4.61530771769793	4.62805276185407	4.70575491338983	4.73774185973038	4.95433539417228	4.94637015454877	5.02208076666171	5.2541245971681	5.28794696240428	4.88418078853407	4.69505033913267	4.76637718501399	4.88834290215261	4.76777203700682	4.73911430265618	5.03738352978849	4.80550262452408	4.96775412370323	5.09278347239476	4.43185855301949	4.96416457745401	4.75697852378855	4.95748111607899	4.91352784641961	4.99830981815875
1.36387533751382	1.30062762137812	1.32501717266215	1.35339523755734	1.27122837077923	1.45786180222051	1.67540092192245	0	1.26582083498408	1.60325598692765	1.19177820907402	1.44043298514833	1.41348310697952	1.71130565812909	1.53235097828596	1.36968381326847	1.84905692460669	1.65552349920186	1.48205179514304	1.47616109514694	1.4244137482558	1.01717145958702	1.19887390033917	1.56251997030774	1.54890131741382	1.57089850871593	1.24810133697545	1.56640634423017	1.59775351675078	1.22505879027378	4.73601931419115	5.19183988610828	5.07335681144406	4.99776547165358	5.04188814971891	4.86273263692673	4.84885781773866	4.87738505169893	4.93864155265199	5.16379349643444	5.16186219265823	5.05920081828338	5.34622506263023	5.44851085521727	4.99130349014065	4.88839133244847	4.80852121223502	4.98504874744486	4.91959317386122	4.95183522714363	5.17438227838448	4.89032638751894	5.01617143092776	5.24373329757672	4.50896119637728	4.99803751931106	4.94480096045843	5.0990703948243	5.1106367280877	5.13344459720943
1.50032487599534	1.65555046624065	1.37497539726341	1.54521504601214	1.44877672911077	1.49718534260672	1.47977828745456	1.26582083498408	0	1.7959485273894	1.34763348285066	1.48345738899833	1.49035484444579	1.78117075421125	1.39709397252549	1.43002549776668	1.7717448676667	1.67596194831775	1.16870460449849	1.66070992337959	1.5898055821704	1.35303772826606	1.42363154087083	1.4991921577533	1.36192350515887	1.61383844864148	1.49101259415038	1.53183963103123	1.81432126600547	1.57608958606043	4.62625809992304	5.12630413116308	4.86636674935225	4.80093489880425	4.99948444042327	4.78057974863179	4.78918508346273	4.69591046873741	4.89491619903732	5.06988180689592	5.10665083084015	4.90827502156436	5.23846098442845	5.32114304229677	4.84162278883227	4.78689030179391	4.6878572923213	4.82860206493454	4.74628139118067	4.83936580973249	5.02356234678818	4.75341539840464	5.02490858648963	5.12356235771006	4.4717600570292	4.89676263660079	4.85268611758886	5.00488741000814	4.98699116883142	5.02624577221127
1.4299771244195	1.35723798589246	1.2754781098212	1.52258375984603	1.58779391070643	1.40736122593239	1.44514916734942	1.60325598692765	1.7959485273894	0	1.72044733858119	1.30301270290001	1.47502636999023	1.58657373648025	1.71457378113348	1.19624788473579	1.71269272352239	1.51108584318645	1.50314387344129	1.31337857968872	1.46688176558023	1.47672896405838	1.30045032306081	1.64934959076199	1.62389222094199	1.61821938984467	1.72203540472155	1.77542824106525	1.44265242648927	1.47014267769322	4.92715853754671	5.3454559024945	5.11519507375296	5.24227391465596	5.23949208124932	4.94637776749756	5.07792082824925	5.04103181841129	5.08386170378528	5.27803217790946	5.30783289281679	5.29739290048436	5.54029942030542	5.67143322527397	5.28869933454714	5.03031516498378	5.01746260512963	5.17942289259391	5.10667421700865	5.11149686641303	5.39255227839411	5.12194254424502	5.24513403483785	5.43412683512886	4.73354076596643	5.29153496171775	5.12075513703003	5.29493367747819	5.21029577774691	5.29806467449652
1.43368049712029	1.41722812329073	1.54634215584465	1.47449079512726	1.08373421123274	1.36553443457293	1.56186698898196	1.19177820907402	1.34763348285066	1.72044733858119	0	1.22506306429398	1.35960428604117	1.8492761727475	1.35515642640823	1.24093037783875	1.9268374598111	1.52680493707861	1.61352727732234	1.4195077315373	1.24138507024346	1.16592164740651	1.04350856852396	1.63158740946047	1.17447937880392	1.44841766835112	1.43036016542844	1.54686037056884	1.57708830719542	1.37836345679558	4.66405858952481	5.11445314957062	4.95067524067916	4.96788107029008	5.02741614903449	4.76290312339885	4.74189367269382	4.70510482863441	4.93939472091251	5.04963600433363	5.07155117107556	4.98466233007668	5.30747292169001	5.45212431248229	4.87031578853298	4.8904715482989	4.72248963179302	4.98740763496049	4.84940753395936	4.89500274680382	5.1206923963494	4.79895148109752	5.00047632105015	5.15114330097025	4.55924478627038	4.96909208552635	4.83649499262667	5.03712460429038	5.02847959050683	5.24111717706338
1.61496761687	1.28226056699528	1.33185446524956	1.50602210726147	1.44188483396969	1.10204536648485	1.0738898045549	1.44043298514833	1.48345738899833	1.30301270290001	1.22506306429398	0	1.37711374940239	1.36528308924827	1.32921896924053	1.24538996101119	1.94411527777018	1.66487115656672	1.3999187530185	1.33365138687204	1.06143962506397	1.2413719699068	1.20639539912286	1.71475943532818	1.32790919433218	1.4730129652374	1.47662053975501	1.31000301661119	1.53309372165828	1.06404154243784	4.91137431442279	5.32813145716044	5.15410758866616	5.28029517309692	5.23270544672103	4.9755226243229	5.01307599582714	4.98618342631677	5.06770227833754	5.33300184176123	5.30895406794241	5.30147799590103	5.61381890122618	5.65923894535662	5.17984117248452	5.05772113892926	5.01359615939439	5.24043359445974	5.04937856720049	5.12457705082216	5.38967856716924	5.1189871689693	5.27294634341573	5.42847814292912	4.70774823845526	5.26860889088245	5.10758620591709	5.24785728852897	5.23603455869203	5.31373155011345
1.58034867837162	1.66784043260638	1.47280686772483	1.49293764445919	1.6254750019667	1.1592659557005	1.4239108783524	1.41348310697952	1.49035484444579	1.47502636999023	1.35960428604117	1.37711374940239	0	1.57445666759628	1.31660385019404	1.16931431593715	1.52503688178186	1.28541449286341	1.42712138549721	1.30495867366411	1.37316093489337	1.37838784964964	1.36032415162561	1.4065138630742	1.39450253263632	1.33681227764906	1.37156897825915	1.38228167195596	1.62335587204073	1.16571019568668	4.5980687351429	5.11056105880505	4.84578076630308	4.91480898268308	4.98232943968974	4.78305560877944	4.80079447997513	4.74306314281728	4.74474753571076	4.98656439108329	5.07483535274841	4.97895159280407	5.22548613741724	5.32308016586437	4.88387723254435	4.7872086757742	4.78934858271828	4.86065764944783	4.79379341142844	4.79894418265858	5.04689304091273	4.76295786869428	4.93956972674276	5.17670563703667	4.49610859770181	4.98708989876905	4.84472640967099	4.91884054405216	4.9648850230985	5.00862656641933
1.54421176717213	1.66917570343038	1.38180478002598	1.55992292178804	1.90946342411395	1.75446041086209	1.46606534331472	1.71130565812909	1.78117075421125	1.58657373648025	1.8492761727475	1.36528308924827	1.57445666759628	0	1.60163745795526	1.68552658147222	1.82288958845366	1.68692459329062	1.50218692518096	1.66619765141456	1.29003305675123	1.3844805886457	1.59015427995635	1.44296151118876	1.83114403766572	1.57764345457305	1.73001605525152	1.62066852679729	1.62107549298871	1.39273305142681	5.12685531745091	5.50583000854712	5.29194680257157	5.48008723219837	5.36805331408934	5.08607887531446	5.18930798896744	5.1743794290888	5.33161843514571	5.45162758834201	5.47418428890642	5.58256916588721	5.69723270193776	5.83944371328641	5.43967916326856	5.18209254662884	5.21230768288015	5.32612613944378	5.23952162031569	5.30045438585591	5.44701691652584	5.24167693074106	5.46467069218486	5.6594217227616	4.90835609585302	5.4299076879207	5.34817303760327	5.40060222140776	5.44588755626119	5.44220047711474
1.74031565177515	1.38263919964432	1.10244078308809	1.67480611857576	1.39374598809986	1.38322007748356	1.5921417894532	1.53235097828596	1.39709397252549	1.71457378113348	1.35515642640823	1.32921896924053	1.31660385019404	1.60163745795526	0	1.30034161507906	1.65120064759198	1.57046025508389	1.37562219053227	1.59162280193417	1.10758248667438	1.36535663394344	1.3298965226457	1.6921737596338	1.09134545201581	1.47364187146184	1.35514909760437	1.30171533392243	1.31811628796871	1.27688654272861	5.1992787585094	5.65218290815252	5.40849653027618	5.4919319814336	5.57785148603225	5.3059450171364	5.37213870081803	5.20769220505346	5.43212499566508	5.60302048385503	5.65023141861173	5.56162931596036	5.85856354536816	5.90382920719372	5.42336715157036	5.29148336378863	5.23970613766761	5.40124178990712	5.40966413840174	5.40416213464465	5.62086359982402	5.30757101413468	5.55972755312039	5.74690573465371	5.08618536925699	5.57611203675261	5.36702747319056	5.57155979830494	5.57625772893645	5.62753797024474
1.42200249681107	1.24969199626974	1.15035186915062	1.26814489363183	1.1771211431463	1.2323051480754	1.31273645772713	1.36968381326847	1.43002549776668	1.19624788473579	1.24093037783875	1.24538996101119	1.16931431593715	1.68552658147222	1.30034161507906	0	1.38880609783535	1.28984906820104	1.36861209411917	0.785036696452983	1.14434701196426	1.21175027149623	1.09648573293639	1.34578503518425	1.20427922257553	1.11247473099249	1.52035500308068	1.37919302743093	1.11246251601718	1.26750962897689	4.72229516027552	5.16260736769149	4.93428150786734	5.03905960275871	5.05217194703815	4.78312142819517	4.89599798566168	4.87317045454762	4.92736125275611	5.11861243003906	5.18817224264666	5.08738317123269	5.34625386418054	5.38412351455496	5.06436224715718	4.89384137680095	4.78593069042528	4.99374014594464	4.94230007495284	4.92163843944074	5.22686823095847	4.88728578606458	5.07725798933327	5.26639820837066	4.65028463712388	5.08223873344856	4.89897890386187	5.15053667406571	5.03478468986871	5.20793101580517
1.8305854031537	1.84787332284789	1.2817405134074	1.42252484288929	1.59365956055647	1.72771674687082	1.80964729700003	1.84905692460669	1.7717448676667	1.71269272352239	1.9268374598111	1.94411527777018	1.52503688178186	1.82288958845366	1.65120064759198	1.38880609783535	0	1.30847905597168	1.60600518712721	1.38356470193472	1.57152542912249	1.38500532238626	1.64122724088511	1.46709195190823	1.52165995803118	1.44334395055948	1.73165387348373	1.54003094761927	1.44447744391088	1.72117506108037	4.81671857682664	5.3493771400553	5.14522084340989	5.20162592915355	5.2116911654734	4.97841664365037	5.10782695607755	4.98019507717415	5.12778383990358	5.30184060285425	5.42719193858179	5.31675672393932	5.47913402124555	5.51652613628496	5.13996673678885	4.95371557071755	4.9954327898389	5.14642384060328	5.09480032197146	5.00636809860982	5.35114023696733	5.0382243897691	5.33206612391462	5.41651331257606	4.74596202427779	5.24365448456738	5.1196885054953	5.14472888851183	5.24406601572898	5.28156273074734
1.72729509993167	1.83385699059127	1.32161945457125	1.55331552119906	1.3466254465395	1.57290546910586	1.67560712745462	1.65552349920186	1.67596194831775	1.51108584318645	1.52680493707861	1.66487115656672	1.28541449286341	1.68692459329062	1.57046025508389	1.28984906820104	1.30847905597168	0	1.57347964324306	1.48362955088035	1.46939871582474	1.28140741987486	1.39850505952226	1.05768124281753	1.18234880918609	1.5698751930887	1.694033478129	1.65833341277615	1.46912649770236	1.55424438900147	4.68156679976468	5.17639216478213	4.95164856196507	5.10682388539193	5.08560694940292	4.82505480443404	4.91164093708477	4.78539907573273	4.99615002765126	5.05892960778367	5.23418863307184	5.1257245915835	5.31034518169422	5.47626964062912	5.03092777147565	4.86111732184353	4.85251406350566	5.00230116176625	4.90230889682486	4.89236977164937	5.1555746340226	4.83882656200014	5.06434996013616	5.22066981341322	4.64630044845135	5.13119056661325	4.99568207079129	5.03395599544712	5.10516841960961	5.1561995237682
1.36916126069493	1.52308624485811	1.36826792363203	1.45102053625231	1.47056065710004	1.39158292065134	1.41174886112799	1.48205179514304	1.16870460449849	1.50314387344129	1.61352727732234	1.3999187530185	1.42712138549721	1.50218692518096	1.37562219053227	1.36861209411917	1.60600518712721	1.57347964324306	0	1.53466282876118	1.45432241034288	1.18909053438585	1.36728244709091	1.46468028928017	1.45833595043519	1.48551241678611	1.54067547211063	1.45033596557117	1.42088058154166	1.51564684735932	4.76220885806719	5.24930474694778	5.05068115563402	5.07822576933346	5.11596462823781	4.93106499574434	5.00780251760272	4.89821236598587	5.0492870933901	5.295913047876	5.25184136571857	5.15546637576767	5.49134942756445	5.54771529736503	5.09294686573341	4.92817185175904	4.84628406451049	4.99541565044375	5.01470547246214	5.03355757584026	5.24266998656718	5.00074953461101	5.14671755715779	5.36649356920986	4.67256820395458	5.17537551043427	5.06426226513532	5.19672189423632	5.15613694197939	5.15696653287638
1.45643494065708	1.26738305768625	1.33308636994277	1.29150042939146	1.46115051498402	1.47763568903327	1.49992869996045	1.47616109514694	1.66070992337959	1.31337857968872	1.4195077315373	1.33365138687204	1.30495867366411	1.66619765141456	1.59162280193417	0.785036696452983	1.38356470193472	1.48362955088035	1.53466282876118	0	1.2946413261327	1.29891997707787	1.21075974641934	1.42806469470488	1.53245823748494	1.15918653935029	1.60018824077042	1.37801950180215	1.27701454370225	1.24749555465606	4.68299897391859	5.09838508203711	4.94262827072608	5.00675820320369	5.02034101236966	4.72102937922937	4.85071575569137	4.91943167741263	4.85431695179085	5.10493767181085	5.11900246034331	5.08989542450028	5.34937746711028	5.35192301402459	5.03494657505136	4.88671756994601	4.80439229888417	5.00593863606419	4.88385199147698	4.8815080424559	5.21349401689511	4.84828911551394	5.08196912593344	5.25120631931839	4.5972928370925	5.00775834948243	4.88695569465015	5.0488144104889	4.98474372819641	5.17783266342717
1.48271712430432	1.12831172932178	0.980865377645702	1.25401990142881	1.33451813316804	1.28696105420296	1.41889270291558	1.4244137482558	1.5898055821704	1.46688176558023	1.24138507024346	1.06143962506397	1.37316093489337	1.29003305675123	1.10758248667438	1.14434701196426	1.57152542912249	1.46939871582474	1.45432241034288	1.2946413261327	0	1.09305040296643	1.06983728216885	1.69897454059743	1.05339056081237	1.0807181542455	1.43924755032412	1.21072953925124	1.25499653881256	0.973664821042181	4.91360065216926	5.40646056236458	5.17185071376322	5.36459550726301	5.32781359600178	5.01534398101975	5.09988105253211	5.00509577152389	5.22333480172581	5.3988698909428	5.43767633421133	5.45477816456444	5.61642438583273	5.72903940998459	5.21459202517768	5.09721031997107	5.1205434222483	5.27316127951151	5.12287220557627	5.21268530161894	5.42523943659	5.18952802213466	5.33474398261785	5.54552635588465	4.82286615508474	5.36698911338758	5.16303333918649	5.34648461364851	5.37562055094537	5.44565658871269
1.21182093132569	1.45836998391023	1.18406556748221	1.1743740498662	0.973911085467646	1.41618910162493	1.37429886942216	1.01717145958702	1.35303772826606	1.47672896405838	1.16592164740651	1.2413719699068	1.37838784964964	1.3844805886457	1.36535663394344	1.21175027149623	1.38500532238626	1.28140741987486	1.18909053438585	1.29891997707787	1.09305040296643	0	1.11465298970426	1.2151091062303	1.28362588810908	1.40959648616822	1.43744186836178	1.23571504729407	1.20743001927901	1.20154960976122	4.87986069484823	5.3090235276866	5.22338695926668	5.24567817002233	5.18770874083311	4.95633640605803	5.02754656184156	4.97962336101345	5.12455128608683	5.33229234843443	5.32236708592298	5.30775735682581	5.53143038101194	5.64391893222328	5.1280017290153	5.01919398943787	5.01558307775845	5.18297339167542	5.08346210434709	5.07901364891401	5.36982042517804	5.08624075823881	5.20454023248384	5.41254513889306	4.67447753430153	5.22875889252397	5.12333883308555	5.19117947299135	5.29981631926587	5.30503277620767
1.31254138177805	1.06728713346582	1.06863857589098	1.18307483189503	1.31755099748546	1.31544098022131	1.33350149724927	1.19887390033917	1.42363154087083	1.30045032306081	1.04350856852396	1.20639539912286	1.36032415162561	1.59015427995635	1.3298965226457	1.09648573293639	1.64122724088511	1.39850505952226	1.36728244709091	1.21075974641934	1.06983728216885	1.11465298970426	0	1.4021105268277	1.17577543227767	1.36753814871319	1.41134170715814	1.41649206208712	1.25058751715774	1.48028122842273	4.8755864156693	5.31099397504789	5.10430281150735	5.17108608338617	5.23352998827521	4.96742826403583	4.96833260703217	4.98197137645727	5.08500297344686	5.24869738520289	5.28077761957565	5.20673806165156	5.55507288756664	5.65187442279619	5.17158964359767	5.06240815588441	5.00051182232818	5.20129984396083	5.06464183013298	5.06540506520332	5.37003762773906	5.06830843735703	5.22428132476927	5.39862790769514	4.78983707594194	5.19415415142977	5.05168696588155	5.27396279736491	5.1967902393394	5.42106146750806
1.5048417979441	1.86397747913489	1.43912019193231	1.51912429481756	1.54050937155204	1.80574049565456	1.47570293020612	1.56251997030774	1.4991921577533	1.64934959076199	1.63158740946047	1.71475943532818	1.4065138630742	1.44296151118876	1.6921737596338	1.34578503518425	1.46709195190823	1.05768124281753	1.46468028928017	1.42806469470488	1.69897454059743	1.2151091062303	1.4021105268277	0	1.57664670696365	1.63085038432849	1.71590342625289	1.62704170026836	1.4101198089509	1.72119849327546	4.95636066557484	5.3440990206521	5.19069926901706	5.22760690875539	5.23881442086692	4.98080986891587	5.05681478587434	5.0692874069967	5.16715713465429	5.23960507840755	5.33159329530425	5.26345765790049	5.47394817321819	5.61525332832958	5.26251230655681	5.0765136391887	5.04349242989978	5.16310168582955	5.09683430807851	5.06257638874082	5.33318612709629	5.01312382337212	5.23905516961748	5.42938112699693	4.84596586137749	5.21716702933595	5.17110200307032	5.22935594547998	5.24626781506502	5.33304140005639
1.75220418733357	1.37401916624362	1.09127818041413	1.50612139026935	1.03013690408233	1.14900498140538	1.53716733918846	1.54890131741382	1.36192350515887	1.62389222094199	1.17447937880392	1.32790919433218	1.39450253263632	1.83114403766572	1.09134545201581	1.20427922257553	1.52165995803118	1.18234880918609	1.45833595043519	1.53245823748494	1.05339056081237	1.28362588810908	1.17577543227767	1.57664670696365	0	1.33010433738763	1.56543229934073	1.30854481043216	1.4216117848528	1.38625271852571	4.92249896990639	5.49092115270909	5.23545602914855	5.32497648172567	5.4462338367315	5.14812973798525	5.14696803778117	5.00626938079092	5.30252970907435	5.4247489841626	5.5290177068204	5.33177930131601	5.65163483255866	5.73619224801974	5.18236489639003	5.16252888875619	5.1404387347781	5.29707168956257	5.19421240874059	5.21986258341065	5.44006216482153	5.17100632751073	5.38690481143775	5.54119219056443	4.90658255925086	5.40533317925537	5.20623350716586	5.38754755248052	5.39707339254957	5.49955708260819
1.67901472420258	1.19097266047823	1.41322103975191	1.36234615991907	1.56747133320261	1.53913261119907	1.66021233239378	1.57089850871593	1.61383844864148	1.61821938984467	1.44841766835112	1.4730129652374	1.33681227764906	1.57764345457305	1.47364187146184	1.11247473099249	1.44334395055948	1.5698751930887	1.48551241678611	1.15918653935029	1.0807181542455	1.40959648616822	1.36753814871319	1.63085038432849	1.33010433738763	0	1.40843324064248	1.62423638267735	1.34321606652681	1.16339963244047	4.59208058106746	5.11157421967058	4.86809245271465	4.98235425802123	5.04911154515649	4.73475636388317	4.8694684407679	4.76852499260761	4.93908256915378	5.11339071785378	5.18679955539511	5.06567494322173	5.30048959416703	5.33851722836802	4.92019844173369	4.81981352470057	4.81975194801626	4.94835586056184	4.84096039094332	4.88079455623701	5.0997959185218	4.83513037725757	5.03341988173243	5.24057718358881	4.58241382027306	5.0027162755149	4.84489115478179	5.05852252160654	4.96748457053896	5.13978222674405
1.74130166818545	1.47770630201011	1.49932501108293	1.380743354982	1.66147929341416	1.41867523303083	1.79927983640297	1.24810133697545	1.49101259415038	1.72203540472155	1.43036016542844	1.47662053975501	1.37156897825915	1.73001605525152	1.35514909760437	1.52035500308068	1.73165387348373	1.694033478129	1.54067547211063	1.60018824077042	1.43924755032412	1.43744186836178	1.41134170715814	1.71590342625289	1.56543229934073	1.40843324064248	0	1.59187805777957	1.68041799167722	1.28400784357257	4.83485969086141	5.29136108004855	5.16236019848519	5.14589195631984	5.15502254933355	5.01075842334975	5.04912402197945	4.93385397192252	5.10598744859449	5.2540110090005	5.31392466321909	5.21634087472949	5.46303551843367	5.55950720360099	5.11598264102768	4.93591862386402	4.85847328298783	5.07498433830745	4.98979831161871	5.06318070643898	5.2951297914485	4.96937432761534	5.18093351217572	5.36296009031517	4.71412562607943	5.15991667973061	5.02077348042319	5.16468567481603	5.18886004670585	5.20322065173167
1.57239754839702	1.60288934402134	1.271999770927	1.22751533582368	1.39005349467865	1.25622836270134	1.29755346864437	1.56640634423017	1.53183963103123	1.77542824106525	1.54686037056884	1.31000301661119	1.38228167195596	1.62066852679729	1.30171533392243	1.37919302743093	1.54003094761927	1.65833341277615	1.45033596557117	1.37801950180215	1.21072953925124	1.23571504729407	1.41649206208712	1.62704170026836	1.30854481043216	1.62423638267735	1.59187805777957	0	1.52351254686698	1.42876074468549	4.88511366416814	5.35716450320076	5.24033494775834	5.29915652584393	5.26290292903744	5.04467274406035	5.05378783751405	5.06180563299606	5.11519380984614	5.38233821243565	5.33213215397758	5.35659692673838	5.61759469067435	5.62107597936375	5.17553581666288	5.07657016190106	5.12030139272752	5.22423813538005	5.13106534484094	5.13735384752012	5.38692312699451	5.14355034992234	5.32296800488186	5.5343934274901	4.791324438343	5.33224949381083	5.17443701142866	5.24626011860797	5.37703112624346	5.37567140737769
1.56141158018828	1.29739343651039	1.13067229678632	1.55834143838335	1.28142201920692	1.72400986071027	1.5316290128371	1.59775351675078	1.81432126600547	1.44265242648927	1.57708830719542	1.53309372165828	1.62335587204073	1.62107549298871	1.31811628796871	1.11246251601718	1.44447744391088	1.46912649770236	1.42088058154166	1.27701454370225	1.25499653881256	1.20743001927901	1.25058751715774	1.4101198089509	1.4216117848528	1.34321606652681	1.68041799167722	1.52351254686698	0	1.56070865756645	4.97926322148326	5.38792625658911	5.23175261873372	5.35795429822383	5.32458332860097	5.00911172979417	5.18412209709733	5.0454532231268	5.24954857628304	5.40919651661016	5.39023381289806	5.37595039219573	5.62352450983546	5.71085678942425	5.30374678913621	5.09269032957825	5.06193744377147	5.26627721721438	5.26095636318413	5.17836665092295	5.48922994527781	5.18681685187257	5.27739376598064	5.5709236373608	4.90473060334605	5.354299039752	5.18590623961552	5.37154019519362	5.33630697664768	5.45149224288356
1.66349587866561	1.24859610277902	1.31649065630164	1.49454749171842	1.49842325844566	1.3677573215872	1.6083758690696	1.22505879027378	1.57608958606043	1.47014267769322	1.37836345679558	1.06404154243784	1.16571019568668	1.39273305142681	1.27688654272861	1.26750962897689	1.72117506108037	1.55424438900147	1.51564684735932	1.24749555465606	0.973664821042181	1.20154960976122	1.48028122842273	1.72119849327546	1.38625271852571	1.16339963244047	1.28400784357257	1.42876074468549	1.56070865756645	0	4.88918762316573	5.39165437739785	5.20710217242472	5.30644165155799	5.2949411412666	5.01881433141133	5.11928176405099	5.05654503799396	5.12241673995611	5.3903621351242	5.42833115441244	5.41728637701928	5.57759752082333	5.65943610847717	5.18953003145622	5.0737430305393	5.07745876697737	5.21444005435993	5.06283979579737	5.18619575484427	5.3770043411852	5.10612288957932	5.27786882271052	5.49109540392536	4.72552064297188	5.29942828565026	5.16217776591508	5.27311752406163	5.32131428786767	5.29369617285414
4.84249103228976	4.91993222825458	4.96801983651301	4.61116921452876	4.80342965528143	4.77222351728178	4.62184738761831	4.73601931419115	4.62625809992304	4.92715853754671	4.66405858952481	4.91137431442279	4.5980687351429	5.12685531745091	5.1992787585094	4.72229516027552	4.81671857682664	4.68156679976468	4.76220885806719	4.68299897391859	4.91360065216926	4.87986069484823	4.8755864156693	4.95636066557484	4.92249896990639	4.59208058106746	4.83485969086141	4.88511366416814	4.97926322148326	4.88918762316573	0	1.36083780915595	1.34383860865719	1.46734351135405	1.40232480749905	1.44961576280837	1.49133292261852	1.25741549596928	1.498142606133	1.59273495868545	1.69228743338958	1.72643396370348	1.53523470310207	1.63194927931021	1.20163464445408	1.35984638377405	1.72258533003495	1.43834594066996	1.17843064697051	1.25920934055732	1.28115508627189	1.516352261045	1.40038620648774	1.41574016392645	1.35344027389323	1.49401978291127	1.53970835068707	1.42518636161732	1.49486746728604	1.60139542602359
5.27514617061933	5.37665482602698	5.44574574515917	5.06790708818574	5.2913805608803	5.29050645497139	4.99550108375726	5.19183988610828	5.12630413116308	5.3454559024945	5.11445314957062	5.32813145716044	5.11056105880505	5.50583000854712	5.65218290815252	5.16260736769149	5.3493771400553	5.17639216478213	5.24930474694778	5.09838508203711	5.40646056236458	5.3090235276866	5.31099397504789	5.3440990206521	5.49092115270909	5.11157421967058	5.29136108004855	5.35716450320076	5.38792625658911	5.39165437739785	1.36083780915595	0	1.51505605365209	1.46563973666128	0.960695151293385	0.907117719847374	1.2309740543084	1.48041294171713	1.33665928217876	1.11775045719632	0.909786324459945	1.67761967384631	1.42946984433174	1.28947746705603	1.50381595889941	1.03753320334422	1.59718545010787	1.27325004775922	1.34669024923564	0.970898021440324	1.32787774781378	1.27118137448172	1.21875154261704	1.10770563850322	1.45546215640062	1.26001983107912	1.00583008426971	1.39370472650067	1.18645972148258	1.48246457832692
5.08339180960096	5.20958902682149	5.21614286720524	4.93855771397703	5.17612741995697	5.05434889444933	4.86049934897804	5.07335681144406	4.86636674935225	5.11519507375296	4.95067524067916	5.15410758866616	4.84578076630308	5.29194680257157	5.40849653027618	4.93428150786734	5.14522084340989	4.95164856196507	5.05068115563402	4.94262827072608	5.17185071376322	5.22338695926668	5.10430281150735	5.19069926901706	5.23545602914855	4.86809245271465	5.16236019848519	5.24033494775834	5.23175261873372	5.20710217242472	1.34383860865719	1.51505605365209	0	1.38399924995226	1.57166430730137	1.42122611092043	1.72395839318582	1.34804313804563	1.62705245178317	1.34966203825395	1.69800404202179	1.67015586756324	1.58745254970021	1.70784349202646	1.76143300615008	1.61472247531985	1.79653818880413	1.45460597720684	1.38686442822843	1.34463524202168	1.33088672394382	1.44744054618012	1.56865873813096	1.58307709665316	1.81043060406254	1.55949651317986	1.62076275732062	1.66288007683562	1.27706763471772	1.81843898661457
5.12259574920985	5.25558719933782	5.31398694151732	5.00447196509264	5.18805685423059	5.11002559067726	4.95365087450376	4.99776547165358	4.80093489880425	5.24227391465596	4.96788107029008	5.28029517309692	4.91480898268308	5.48008723219837	5.4919319814336	5.03905960275871	5.20162592915355	5.10682388539193	5.07822576933346	5.00675820320369	5.36459550726301	5.24567817002233	5.17108608338617	5.22760690875539	5.32497648172567	4.98235425802123	5.14589195631984	5.29915652584393	5.35795429822383	5.30644165155799	1.46734351135405	1.46563973666128	1.38399924995226	0	1.59948902452412	1.64086486070931	1.53166817737768	1.60198288184415	1.50253790674934	1.41443294349217	1.54316716990501	0.964360523381729	1.4754852527015	1.29772039051797	1.33389327244513	1.51848209738549	1.65207111080777	1.12629272055378	1.4738908101791	1.13017889255396	1.31605038153722	1.19249952958342	1.53733042313562	1.34417148376585	1.55591647601274	1.016017767627	1.27936574871243	1.55836554675785	1.11254876008208	1.61816975175675
5.12155275192273	5.33368067238067	5.35751900973358	4.92514214707864	5.18906961816206	5.1661512663316	4.91823559928185	5.04188814971891	4.99948444042327	5.23949208124932	5.02741614903449	5.23270544672103	4.98232943968974	5.36805331408934	5.57785148603225	5.05217194703815	5.2116911654734	5.08560694940292	5.11596462823781	5.02034101236966	5.32781359600178	5.18770874083311	5.23352998827521	5.23881442086692	5.4462338367315	5.04911154515649	5.15502254933355	5.26290292903744	5.32458332860097	5.2949411412666	1.40232480749905	0.960695151293385	1.57166430730137	1.59948902452412	0	1.26434870821087	1.4541688771773	1.56484998388634	1.38862641678691	1.29753334776119	1.24181320588335	1.81320627295211	1.3995119532382	1.47808858776282	1.79477449165453	1.22471935242227	1.27369215121001	1.31449770458256	1.40084763344037	1.18022945435227	1.43914056193191	1.45217604116277	1.41285277549411	1.24881074061646	1.41070311002405	1.25528455636118	1.47049014344702	1.43838372703093	1.38770116602117	1.4708045587928
4.88170786990827	5.00362243771163	5.05426786733603	4.70380467373604	4.94603083006764	4.97332785749557	4.61530771769793	4.86273263692673	4.78057974863179	4.94637776749756	4.76290312339885	4.9755226243229	4.78305560877944	5.08607887531446	5.3059450171364	4.78312142819517	4.97841664365037	4.82505480443404	4.93106499574434	4.72102937922937	5.01534398101975	4.95633640605803	4.96742826403583	4.98080986891587	5.14812973798525	4.73475636388317	5.01075842334975	5.04467274406035	5.00911172979417	5.01881433141133	1.44961576280837	0.907117719847374	1.42122611092043	1.64086486070931	1.26434870821087	0	1.12662654658875	1.47982631408449	1.6412969621786	1.26225422027973	1.11657972066712	1.9978410812871	1.54861362268681	1.55975917018584	1.68466459160331	1.17139960595057	1.63240308968445	1.48647306503284	1.48931987514568	1.1796507056667	1.30776704015127	1.27401689960221	1.53984174633746	1.26477305659217	1.4464141998264	1.46053730704466	1.15375534403392	1.58001418893646	1.27102772007261	1.73116818921445
4.9617155251217	5.05166841963238	5.11912873603797	4.74684619733178	4.97895315851588	4.91254254709281	4.62805276185407	4.84885781773866	4.78918508346273	5.07792082824925	4.74189367269382	5.01307599582714	4.80079447997513	5.18930798896744	5.37213870081803	4.89599798566168	5.10782695607755	4.91164093708477	5.00780251760272	4.85071575569137	5.09988105253211	5.02754656184156	4.96833260703217	5.05681478587434	5.14696803778117	4.8694684407679	5.04912402197945	5.05378783751405	5.18412209709733	5.11928176405099	1.49133292261852	1.2309740543084	1.72395839318582	1.53166817737768	1.4541688771773	1.12662654658875	0	1.6005809082136	1.6304535045461	1.21515490494457	1.18650121837096	1.75065996042268	1.65811153295647	1.5660148131933	1.47158824168057	1.41670152748598	1.74229200904066	1.57556205948589	1.61661371233771	1.20653191877592	1.21730355565107	1.31290782456431	1.69451581136337	1.22423459197471	1.46327960708821	1.44701800522828	1.14567150182733	1.6460868302323	1.35830363073922	1.90169860645423
4.97453795541822	5.08578303541474	5.05139886049421	4.81118440261661	4.90182958620124	4.8914562491292	4.70575491338983	4.87738505169893	4.69591046873741	5.04103181841129	4.70510482863441	4.98618342631677	4.74306314281728	5.1743794290888	5.20769220505346	4.87317045454762	4.98019507717415	4.78539907573273	4.89821236598587	4.91943167741263	5.00509577152389	4.97962336101345	4.98197137645727	5.0692874069967	5.00626938079092	4.76852499260761	4.93385397192252	5.06180563299606	5.0454532231268	5.05654503799396	1.25741549596928	1.48041294171713	1.34804313804563	1.60198288184415	1.56484998388634	1.47982631408449	1.6005809082136	0	1.90335576623265	1.47707531064372	1.63446625389353	1.70756972746227	1.47693184827572	1.89954592221753	1.22225074425057	1.18686742654807	1.57262086611176	1.48489425666992	1.4470954069281	1.36921307880627	1.3784360620156	1.54106954869156	1.55481071434429	1.47178491417081	1.44668879226896	1.56741756108904	1.43374688308541	1.46633641572614	1.64983612467153	1.68844889688501
5.08516373473899	5.18506601052945	5.22714696620453	4.9283823361864	5.14271341183119	5.02095977965234	4.73774185973038	4.93864155265199	4.89491619903732	5.08386170378528	4.93939472091251	5.06770227833754	4.74474753571076	5.33161843514571	5.43212499566508	4.92736125275611	5.12778383990358	4.99615002765126	5.0492870933901	4.85431695179085	5.22333480172581	5.12455128608683	5.08500297344686	5.16715713465429	5.30252970907435	4.93908256915378	5.10598744859449	5.11519380984614	5.24954857628304	5.12241673995611	1.498142606133	1.33665928217876	1.62705245178317	1.50253790674934	1.38862641678691	1.6412969621786	1.6304535045461	1.90335576623265	0	1.50022621233774	1.4828393861444	1.76651319502345	1.77672443669332	1.52681714435063	1.63302257802519	1.5189763500942	2.0839235202711	1.59921671834538	1.36131737790985	1.09520705666829	1.778503527068	1.74429943922274	1.45254185373519	1.46357049697319	1.32602433547674	1.47621171723741	1.51414467951626	1.47405420992058	1.45123252056903	1.54438525596028
5.26221374922043	5.37854134324436	5.38810820363483	5.03777193811827	5.28706238869651	5.23538428424565	4.95433539417228	5.16379349643444	5.06988180689592	5.27803217790946	5.04963600433363	5.33300184176123	4.98656439108329	5.45162758834201	5.60302048385503	5.11861243003906	5.30184060285425	5.05892960778367	5.295913047876	5.10493767181085	5.3988698909428	5.33229234843443	5.24869738520289	5.23960507840755	5.4247489841626	5.11339071785378	5.2540110090005	5.38233821243565	5.40919651661016	5.3903621351242	1.59273495868545	1.11775045719632	1.34966203825395	1.41443294349217	1.29753334776119	1.26225422027973	1.21515490494457	1.47707531064372	1.50022621233774	0	1.24543386407731	1.63788042939987	1.14525840488584	1.50909114589096	1.72887189826163	1.34032027497869	1.64426441918508	1.28630116786588	1.36836530261798	0.995925580933972	1.18223079011681	1.04399974886152	1.48507773699596	1.17403835767288	1.72547547188974	1.19791999804592	1.20483338527466	1.50506899806643	1.23144969548111	1.73642998769946
